-1.486 0.660841 0.0437162 -1.06238 -0.427011 -1.64515 -0.975859 -0.216416 0.781283 -0.0607447 
0.162543 0.784318 -0.741056 -0.745278 0.772184 -1.61139 -1.41474 0.964351 -0.97826 -0.765612 
-1.20105 0.289729 -0.623456 -1.54141 -1.21775 -0.143657 0.48727 -1.01145 -1.15138 1.62947 
-1.05079 0.888482 -1.46336 -1.04981 -1.45389 0.199635 1.41415 -1.26117 -1.00699 0.390546 
-0.199539 -1.27395 -1.58306 0.257718 -0.839152 1.14977 -0.640017 -1.23958 1.20147 0.329138 
0.11532 -0.530074 1.28951 1.61818 0.496811 -1.34216 0.407089 0.0561193 0.552621 -1.37197 
1.6626 0.232353 -0.693777 1.36351 -0.679903 1.26517 -0.525703 1.47397 -0.769909 -1.19255 
0.529933 -0.854235 0.547264 0.875472 0.196054 1.35913 1.19582 0.994649 -0.0278653 -0.686037 
-0.211049 0.185053 1.23635 -0.936769 0.465629 -1.17055 0.847873 0.110962 0.230566 1.4887 
1.35878 -1.42539 -1.34382 -1.15844 1.52954 -1.44176 -0.547625 0.757897 0.106535 -0.169754 
